1107046093
1091382187
261243641
1794536767
1454819145
911710636
825488125
1580893104
1359267470
1593641355
1170775742
1691909824
1495288072
2116506903
1265867265
91762023
15802565
2091568958
338321871
1996389675
1262705158
518570202
935675832
1793434414
446936163
102391084
212102661
1460315157
1350090516
1793636878
1208492344
309652962
737535417
1469735985
2104189729
44870914
233962973
782194207
1625764019
1593230443
228351914
649056113
1137656619
1723639986
618079368
256040236
1815402009
633881933
200125546
6240233
482787961
1462830704
524810435
1418463793
1108781470
971746598
1520854877
1320884131
284578107
723461745
967037362
1493070451
1033114707
1704572779
815322788
989820789
1749443694
1049285762
1772014996
1227724065
495032557
2000366910
1876780178
1632689177
1576523248
347375898
1888729413
1244441610
981257832
2088854960
1250681843
1464045793
1404202016
1775492278
735025938
365499839
599755228
108397167
1686383970
884333335
831858912
505937684
229920139
1864973620
63026816
1045242927
707310761
1812470510
2094528689
331842109
892710927
442077599
184725371
622007457
2074766776
1761248619
969383355
1816012541
858206581
1950641187
1757383853
2108888424
1267203332
1014102222
1736897054
2002229270
1379602061
189168634
2110626437
918502383
1073501970
795001702
1424440068
1303422109
512491674
1487466884
201181388
1219802435
1152453746
148226430
1551644544
2045164673
590304029
1736369915
519688482
517587157
1350134886
1489071837
186116050
60857820
1292229377
1943499904
22262596
411949061
810118478
1759159651
266694684
42236891
1948328285
229837473
960739274
874346607
1024839175
237695694
30285068
1537330849
1725162578
231466457
609649636
730132676
379692887
13810532
627813701
969996916
1750180447
1147502183
1487584073
952831686
489090373
1673700123
1013689506
1781319750
1469716379
1035952102
45785163
132351209
647628105
312479847
174588100
448472743
542317321
1135327375
1322819350
1567156496
1373023069
1353104419
957003698
950702000
1584570876
1566653334
1680834676
1964263763
1580463867
161164730
786777031
1183160666
1308666913
126877456
2135992352
1797757286
1800577579
1002198210
1431593388
1122810311
2038150313
1477378552
1255161520
538294770
1789858399
1429749621
986767513
184692072
417593348
162103216
1751848569
1790616417
1515207635
561368619
593834769
952294863
2128021953
127185798
769074978
1561002172
288350528
1555852009
596679191
1597017441
1682729465
585187895
1247291080
1335823396
1587386106
531400820
311150059
1478052771
2008779372
1566311580
2016347541
1651154124
848577553
855631407
1835846196
1266170901
1017734623
1440211117
909303670
385458610
2001579736
1503138440
1337753473
1982118042
1630324238
2106828451
1395636566
1918674766
1515196812
1992315757
1368208559
1050442629
430020005
468015991
238782377
2017406111
999416812
549932437
1347975234
860712536
2116244017
1216839127
364383012
817337922
2072470534
52745561
2083508823
942721509
1492956678
845328845
1328180119
1347052767
200983637
518449944
1181687161
1831307875
477794747
429840079
1602498993
1992991559
274672189
823223905
895950540
704692194
1291239896
1134732918
574614657
143173060
1684665355
1922589891
1003885597
1653425724
991945370
1368268609
323279998
916932257
1421014170
259305173
1859653766
766487201
1104634018
1040350238
2113539968
1305617656
1558800182
1147743481
989441883
2036594930
1577583560
444457229
1882102841
1852255749
1267681134
630569734
409464295
411437382
1765302652
984078952
554610443
1302484359
759185195
1558496040
808426435
1751130566
779281001
1131706433
520579175
52811524
1391011606
232749293
819298725
348161976
1273099531
785355045
1653779632
684416066
1933098526
495737868
573527348
1363198438
940195097
308146541
1067970540
60392583
938716275
1477434835
471829965
556535279
314030140
1026440408
1859019638
1073215335
437452800
519962425
676862253
1216733802
1651668858
1197441428
1269545326
895196816
1430190722
2088844051
1243358793
555806605
726715448
749654777
1240222671
512330326
1245392645
1813750019
1875528764
38104094
2121896561
796015656
98496677
913129188
125966844
570326643
1469664468
439996984
1596767051
1181200458
1513212319
2034219852
1701162884
42590925
1103470006
1205348094
1240032353
225531684
2100544911
522739427
166892087
1196420056
1078546033
893607535
1946074833
171285056
1405937861
1043983831
1985035076
1133982977
1082087925
1959447989
1929998634
1180584603
725093529
2055965478
1750911246
47274349
348478814
1200194649
1228474808
1861691133
1086930853
782154044
1904282058
42917211
1987502138
996830764
268448895
1940563401
1519570191
435340982
989499809
450632576
1328948517
788090995
621917633
587402730
1832074826
459469061
1721385708
766679103
271433402
1503900694
1947263706
996526931
1412382524
1550691304
1043801281
1760861338
603402306
124792441
1475068823
1690333159
906946485
1231867234
1733250371
746964975
81214350
2001699266
540044729
1600784541
289556601
1529544538
2051417118
1618505118
170151885
525851103
58424201
2002226711
985320164
1779809909
621422167
1256753566
1136226955
421202225
105796849
401125831
1971893530
1149598130
14503521
427812188
1274390571
1489572344
2118145347
33853408
573955930
1703912070
780818384
655170280
1558127689
1320863113
108471174
1847684290
702924003
12404644
1318705760
873075889
538255747
1377129961
727818952
1523575911
1009456222
1349241119
632845829
2145683177
1770443345
738642678
399325360
1594853227
1888240809
413828881
2022665415
1015147732
1903401226
1993327114
1049001141
329873508
1549755537
1829819525
985043789
960399578
1003198990
1093514963
660600220
1706122993
1105919607
1979305980
431715234
1644175354
1208952294
1159534187
1020267617
70924868
361291658
1653113446
69124398
2131735003
244272476
468449758
1579104582
2132513285
882278640
1454286349
1000177370
638196218
1300129816
2049178511
968069726
702401705
1731514388
1953113515
1662801283
587229730
899144830
175917855
145869075
2005064437
7740187
577584310
1501756143
1216692481
1737118497
374540112
1287617350
2098410155
2027653558
1356741748
2082661511
124442387
1825191506
1514282445
109472024
559986498
821085147
1109649394
1198182716
2121214963
1011344257
18768795
676133020
595374997
1971882310
191450655
1182604727
723543493
367368510
1328473803
581124282
375108697
1906058113
2082880426
1591801179
1495692962
309936890
731934881
1446619469
190106801
2088676629
1381797332
314549188
1766384487
748596130
424021212
178887338
1569681277
1533670607
1377070054
1543412592
397531216
1395838849
72061964
992906214
1220237512
263512619
28027293
1943781005
630881129
1356501096
377421639
1005989826
1115075561
312818417
450307357
463284875
622755308
1182242238
1909904345
812862109
1123435219
1144218029
1127411297
742336059
1892814159
1551432509
921223397
1315011788
937619468
150809803
710940732
1335150685
1546648653
783002696
180573251
619402517
1046515315
208600544
415699874
1677396444
1565101641
793121513
535902623
532693554
1105939931
986209980
995978430
1728695239
20968571
758399127
394073700
1144403790
1902617156
1521484997
1886739849
1647947668
925433858
660479598
815475808
1863053327
811289402
1526416541
1050720364
210454407
161935589
1231293615
829856924
1208450905
1439894159
1245556798
738363701
857512152
2038678311
1274266324
1390205707
997134594
112992657
238700489
578346185
133961228
997099616
972419885
1278365018
752233124
346421234
1017621220
252697144
1271855093
1678100818
1068172953
987424772
341906572
447105846
2038145136
552360979
609041435
1121955103
1382217903
1817492340
414365614
480291053
408372394
1271877767
371485717
1682638718
514599826
1368620311
1795631375
753300315
1946966497
1929592603
1750399931
771902734
1060473974
355149407
1118323969
2078095194
607846552
242695414
1608712364
1676019505
1230120186
1950618937
2123125351
1120781674
355496268
584683138
95253129
1737714172
254691831
509618743
70521577
663064225
1781496510
442007294
198219295
148612688
1810627606
1993850671
901913003
1610110455
1775959626
504829286
234529541
688949952
859978694
1352853510
619561498
1467825246
1595548924
80790215
996361103
678185462
2031409152
972002806
1798967136
239421772
1556685944
1894220265
1977135944
1811377775
256355361
2047657522
326958352
2037851871
342181168
525177648
38980912
5325126
371544671
940893915
1615435581
20649
1445723202
1849965123
688970602
158218248
1055334985
1308532100
1626043494
503400262
1389322315
474920949
1181585724
1273247819
1446923755
833069213
1512669592
856126051
579805830
1342321888
520020179
836161191
1242495762
846978531
726529415
1584676931
1372156179
765510327
1590002057
1743700850
1706404242
1057953991
1743721500
1004643796
760435466
285208454
1162862044
1815770451
1593740554
641421890
171687065
835579222
1116342839
1353272790
2108827041
415782946
38858355
1474012985
1271908998
618664185
668851226
1791929177
1454825377
1911346988
491424060
33871144
1348540271
1863580240
799381471
791058681
1459797442
358302065
1849012672
1056035294
1362945862
461964490
1341243748
378324258
130251293
787500655
1019746149
301938359
1623079877
2136088988
1655211149
1584423270
404388287
1694069504
910952608
1676297285
165250041
1579803834
1320742814
1620075418
1343667174
1812166874
1653946562
544723798
1528263466
305844385
1335782479
840577261
664146451
1037311503
1896612555
2027092313
1499275993
1090372656
257932923
1629527286
1877873311
1277679072
1931465645
1353469540
1266284413
1439193146
790409162
1670672700
985779002
1701361770
1199486337
1151029044
1133681956
372745503
623620814
329865483
37428729
130083729
874589281
1565692196
435928114
62888112
258785809
1100074565
1100199615
7914716
979683230
451991960
1098287372
1237616154
2081519246
828677035
367811578
1865501244
34662927
1634095991
1157210742
825072090
1157285043
2142989745
378950212
209287732
1146535141
1512632169
582033235
1770155955
1842497652
619461965
1900239684
569603285
37670513
188684151
632491397
296456322
1288758716
1732691012
304371038
120958299
37199324
1402658411
1358574453
2118718570
83851798
1726386031
1836736166
118514726
1212998375
846463261
943586816
222799770
841969358
1322537028
432087503
1988504499
687685549
1014120738
1611176806
382699553
1633582703
1363932843
952302838
1671253216
1552616994
1584794235
1967709538
693892062
1170001599
124596929
814850361
1207200923
1527255340
25941166
1178435846
1611107138
1752327198
867688364
1729621864
817841925
1714151625
525725032
1040641695
408637335
1848262061
1472729198
249658186
388463962
339366289
1860834993
771163516
1972948992
1077284188
1723466354
1496718561
482417534
1160776942
1316944451
1176309596
183294893
1441541380
1991159958
